0000410114052018BPS101/04/2018 0520180009340000239565688931052018                                   
100041011104201894414561    01090004704                      0000248866826202A 047431               
100041011304201894416186    01090004704                      0000248866826202A 048349               
100041011704201894419169    01090004704                      0000373300226202A 048562               
100041012504201894425736    01090004704                      0000251181826201A 047432               
100041013004201894429963    01090004704                      0000251181826201B 025101               
100041010304201894409685    01090004705                      000060241662620436818                  
100041010604201894411139    01090004705                      000037330022620236515                  
100041011204201894415571    01090004705                      000037330022620235716                  
100041012704201894427685    01090004705                      000037330022620235717                  
100041012704201894427686    01090004705                      000037677282620135714                  
100041012504201894428836    01090004705                      000059565852620436819                  
100041010204201894408304    01090004706                      000025118182620131868                  
100041010204201894408305    01090004706                      000024886682620231869                  
100041012304201894423952    01090004706                      000024886682620231870                  
100041010204201894408390    01090004707                      0000373300226202793338                 
100041011204201894415423    01090004707                      0000251181826201793341                 
100041011204201894415424    01090004707                      0000373300226202793339                 
100041010304201894409127    01090004708                      0000373300226202990547                 
100041011804201894420152    01090004708                      0000373300226202990548                 
100041012304201894423953    01090004708                      0000251181826201990549                 
100041012704201894427758    01090004708                      0000373300226202990550                 
100041010304201894409128    01090004709                      0000502363726201A 128861               
100041010604201894411140    01090004709                      0000373300226202A 067858               
100041011004201894413484    01090004709                      0000502363726201A 128862               
100041011604201894418163    01090004709                      0000373300226202A 067860               
100041011604201894418164    01090004709                      0000502363726201A 128863               
100041011704201894418981    01090004709                      0000376772826201A 067859               
100041011704201894418982    01090004709                      000025118182620188586                  
100041011704201894418983    01090004709                      000024886682620288587                  
100041012004201894421768    01090004709                      0000502363726201A 128864               
100041012404201894424861    01090004709                      0000373300226202A 067861               
100041012604201894426851    01090004709                      0000502363726201A 128865               
100041010404201894409609    01090004710                      00002488668262020930659                
100041010404201894409610    01090004710                      0000376772826201761565                 
100041010504201894410350    01090004710                      0000251181826201A 021431               
100041010504201894410351    01090004710                      0000373300226202A 021431               
100041010504201894410352    01090004710                      00003733002262020930660                
100041011204201894415572    01090004710                      00002488668262020930661                
100041011304201894416187    01090004710                      00003767728262010955896                
100041012004201894421769    01090004710                      0000248866826202761569                 
100041010304201894409129    01090004711                      0000502363726201A 190529               
100041010404201894409686    01090004711                      000037330022620212584                  
100041010504201894410502    01090004711                      000037677282620112583                  
100041010604201894411141    01090004711                      0000373300226202A 028653               
100041011104201894414562    01090004711                      0000251181826201A 028654               
100041011704201894419170    01090004711                      0000497733626202A 190530               
100041011904201894421023    01090004711                      000037330022620212585                  
100041012404201894424862    01090004711                      0000502363726201A 190531               
100041010204201894408391    01090004712                      0000248866826202BAT L 367              
100041011104201894414476    01090004712                      0000248866826202B 031142               
100041011104201894414477    01090004712                      0000251181826201B 031143               
100041011304201894416188    01090004712                      0000251181826201BAT L 367              
100041011904201894421024    01090004712                      0000248866826202B 031145               
100041012804201894428284    01090004712                      0000248866826202B 031147               
100041010504201894410503    01090004713                      0000373300226202B 031704               
100041011004201894413485    01090004713                      0000376772826201BAT L 367              
100041011104201894414563    01090004713                      0000373300226202A 074824               
100041011304201894416189    01090004713                      0000373300226202BAT L 367              
100041012304201894423954    01090004713                      0000373300226202BAT L 367              
100041012404201894424863    01090004713                      0000376772826201A 074821               
100041012804201894428285    01090004713                      0000373300226202A 074825               
100041010604201894410145    01090004714                      0000373300226202266330                 
100041010604201894410146    01090004714                      0000373300226202266331                 
100041010704201894411386    01090004714                      0000373300226202202446                 
100041011804201894420056    01090004714                      0000376772826201266328                 
100041011804201894420057    01090004714                      0000373300226202266334                 
100041012704201894427759    01090004714                      0000373300226202212180                 
100041010204201894408392    01090004715                      0000373300226202BAT L 367              
100041010404201894409687    01090004715                      0000248866826202269987                 
100041011204201894415573    01090004715                      0000248866826202137475                 
100041011304201894416190    01090004715                      0000376772826201120385                 
100041011804201894420153    01090004715                      0000376772826201269982                 
100041011304201894422434    01090004715                      0000101261926204BAT L 367              
100041012104201894422435    01090004715                      0000357395126204BAT L 367              
100041012604201894426852    01090004715                      0000373300226202120397                 
100041012804201894428286    01090004715                      0000622167026202139438                 
100041010604201894411038    01090004716                      0000227900026202764647                 
100041010604201894411039    01090004716                      0000227900026202764648                 
100041010904201894412667    01090004716                      0000230020026201BAT L A 0              
100041010904201894412668    01090004716                      0000227900026202BAT L A 0              
100041011704201894419171    01090004716                      0000227900026202A 764665               
100041011904201894421025    01090004716                      0000227900026202A 764664               
100041012304201894423747    01090004716                      0000215000026202BAT L 367              
100041012304201894423748    01090004716                      0000215000026202BAT L 367              
100041012304201894423749    01090004716                      0000217000026201BAT L 367              
100041010904201894412755    01090004717                      0000227900026202678197                 
100041011604201894418270    01090004717                      000022790002620225023                  
100041010404201894409688    01090004718                      0000227900026202732465                 
100041010504201894410504    01090004718                      0000227900026202PO B 0097              
100041010604201894411040    01090004718                      0000227900026202272176                 
100041010604201894411041    01090004718                      0000227900026202272177                 
100041011304201894416191    01090004718                      0000227900026202PO B 0097              
100041011404201894416462    01090004718                      0000227900026202283814                 
100041011404201894416463    01090004718                      0000227900026202283814                 
100041011404201894416464    01090004718                      0000230020026201283815                 
100041012404201894423967    01090004718                      0000227900026202272178                 
100041012404201894423968    01090004718                      0000227900026202272179                 
100041012404201894424864    01090004718                      0000227900026202732446                 
100041012504201894425655    01090004718                      0000230020026201009786                 
100041012504201894425656    01090004718                      0000227900026202009786                 
100041010404201894409689    01090004722                      0001070149526204924434                 
100041010504201894410505    01090004722                      0001055314826204924435                 
100041012304201894423258    01090004722                      0001055314826204924436                 
100041010304201894409015    01090004723                      0001070149526204B 019857               
100041010304201894409016    01090004723                      0001070149526204B 019858               
100041010404201894409611    01090004723                      0001070149526204B 019859               
100041010404201894409612    01090004723                      0001070149526204B 019860               
100041011004201894413377    01090004723                      0001055314826204B 019861               
100041011004201894413378    01090004723                      0001055314826204B 019862               
100041011104201894414478    01090004723                      0001055314826204B 019863               
100041011104201894414479    01090004723                      0001055314826204B 019864               
100041011204201894415574    01090004723                      0001055314826204B 019865               
100041011704201894419172    01090004723                      0000248866826202932947                 
100041012404201894424865    01090004723                      0000251181826201932948                 
100041012604201894426853    01090004723                      0001055314826204B 019866               
100041012704201894427760    01090004723                      0001055314826204B 019867               
100041011204201894422447    01090004724                      0000178697626204003296                 
100041012704201894427761    01090004724                      0000248866826202003298                 
100041010404201894409690    01090004725                      0000251181826201B 024589               
100041011604201894418165    01090004725                      0000248866826202B 024590               
100041011604201894418166    01090004725                      0000251181826201B 024591               
100041012704201894427762    01090004725                      0000251181826201B 024592               
100041010304201894409017    01090004726                      0001288609126204927783                 
100041010304201894409018    01090004726                      0001062040526204927785                 
100041010404201894409613    01090004726                      0001288609126204927784                 
100041010404201894409614    01090004726                      0001062040526204927786                 
100041010504201894410020    01090004726                      0000162692926204                       
100041010504201894410409    01090004726                      0001270609726204927787                 
100041010504201894410410    01090004726                      0001047205826204927788                 
100041010604201894410993    01090004726                      0001270609726204927789                 
100041010604201894410994    01090004726                      0001047205826204927790                 
100041010704201894410995    01090004726                      0000047539226204                       
100041010804201894411617    01090004726                      0000046942226204                       
100041010904201894412756    01090004726                      0001270609726204927791                 
100041011004201894413038    01090004726                      0001270609726204927792                 
100041011004201894413039    01090004726                      0001270609726204927793                 
100041011004201894413040    01090004726                      0000042835726204                       
100041011104201894414480    01090004726                      0001270609726204927794                 
100041011104201894414481    01090004726                      0001270609726204927795                 
100041011204201894415425    01090004726                      0001270609726204927796                 
100041011204201894415426    01090004726                      0001270609726204927797                 
100041011304201894416124    01090004726                      0001270609726204927798                 
100041011404201894416125    01090004726                      0000019006326204                       
100041011404201894416324    01090004726                      0000047167526204                       
100041010904201894418084    01090004726                      0000066471326204                       
100041011604201894418085    01090004726                      0001270609726204927799                 
100041011604201894418086    01090004726                      0001270609726204927800                 
100041011704201894418731    01090004726                      0001270609726204927501                 
100041011704201894418732    01090004726                      0001270609726204927502                 
100041011704201894418733    01090004726                      0000251181826201927279                 
100041011704201894418734    01090004726                      0000248866826202927280                 
100041011804201894419436    01090004726                      0000255076026204                       
100041011904201894420250    01090004726                      0000027649926204                       
100041011904201894420912    01090004726                      0001270609726204927503                 
100041011904201894420913    01090004726                      0001270609726204927504                 
100041012304201894422942    01090004726                      0000038407826204                       
100041012304201894422943    01090004726                      0000027440826204                       
100041012304201894423259    01090004726                      0001270609726204927505                 
100041012304201894423260    01090004726                      0001270609726204927506                 
100041012304201894423261    01090004726                      0001047205826204927507                 
100041012304201894424663    01090004726                      0000153107026204                       
100041012404201894424664    01090004726                      0001270609726204927508                 
100041012404201894424665    01090004726                      0001270609726204927509                 
100041012504201894425657    01090004726                      0001270609726204927510                 
100041012504201894425658    01090004726                      0001270609726204927511                 
100041012604201894426083    01090004726                      0000309539426204                       
100041012604201894426705    01090004726                      0001270609726204927512                 
100041012604201894426706    01090004726                      0001270609726204927513                 
100041012604201894426707    01090004726                      0001047205826204927514                 
100041012704201894427540    01090004726                      0001270609726204927515                 
100041012704201894427541    01090004726                      0001270609726204927516                 
100041012704201894427542    01090004726                      0000251181826201927281                 
100041012704201894427543    01090004726                      0000248866826202927282                 
100041012804201894427914    01090004726                      0000021028026204                       
100041013004201894429964    01090004726                      0001270609726204927518                 
100041013004201894429965    01090004726                      0001047205826204927519                 
100041013004201894429966    01090004726                      0001270609726204927517                 
100041010104201894407287    01090004727                      0000012266226204                       
100041010104201894409691    01090004727                      0000301208326204B 031493               
100041011104201894413486    01090004727                      0000009251926204                       
100041011204201894415575    01090004727                      0000232712426204B 031494               
100041011604201894417309    01090004727                      0000007354126204                       
100041012104201894421770    01090004727                      0000005456226204                       
100041011804201894422448    01090004727                      0000297829326204B 031496               
100041012304201894422908    01090004727                      0000006642426204                       
100041012404201894424242    01090004727                      0000009726326204                       
100041012404201894424866    01090004727                      0000232712426204B 031495               
100041012504201894428837    01090004727                      0000476526826204B 031497               
100041013004201894430288    01090004727                      0000008540226204                       
100041013004201894430289    01090004727                      0000008540226204                       
100041010704201894411387    01090004728                      0000248866826202969257                 
100041011804201894420058    01090004728                      0000768269126204969221                 
100041011804201894420059    01090004728                      0000768269126204969223                 
100041011904201894420914    01090004728                      0000768269126204969224                 
100041011904201894420915    01090004728                      0000768269126204969225                 
100041012004201894421691    01090004728                      0000768269126204969226                 
100041012004201894421692    01090004728                      0000768269126204969227                 
100041011904201894422449    01090004728                      0000655224426204969222                 
100041012604201894426854    01090004728                      0000248866826202969258                 
100041010104201894407219    01090004729                      0000240620026204971334                 
100041010104201894407608    01090004729                      0000033764526204                       
100041010104201894407609    01090004729                      0000035559326204                       
100041010204201894407904    01090004729                      0000032017726204                       
100041010204201894407905    01090004729                      0000032328726204                       
100041010304201894409019    01090004729                      0000016511426204                       
100041010304201894409020    01090004729                      0000030007626204                       
100041010404201894409341    01090004729                      0000031084426204                       
100041010404201894409342    01090004729                      0000037952226204                       
100041010504201894410021    01090004729                      0000237334026204971335                 
100041010504201894410132    01090004729                      0000044723726204                       
100041010804201894411495    01090004729                      0000237334026204971336                 
100041011004201894412847    01090004729                      0000237334026204971337                 
100041011104201894413637    01090004729                      0000237334026204971338                 
100041011204201894414577    01090004729                      0000237334026204971339                 
100041011204201894414578    01090004729                      0000237334026204971340                 
100041011504201894416680    01090004729                      0000237334026204971341                 
100041011804201894419251    01090004729                      0000237334026204971342                 
100041011804201894419252    01090004729                      0000237334026204971343                 
100041011804201894419253    01090004729                      0000237334026204971344                 
100041012104201894421886    01090004729                      0000237334026204971345                 
100041012404201894424137    01090004729                      0000237334026204971346                 
100041012604201894426085    01090004729                      0000237334026204971347                 
100041013004201894429967    01090004729                      0000230020026201971354                 
100041013004201894429968    01090004729                      0000227900026202971353                 
100041013004201894429969    01090004729                      0000237334026204971348                 
100041012404201840582801    01090004730                      0000139551126204189727820              
100041012504201840582903    01090004730                      0000066264826204189741054              
100041012504201840582904    01090004730                      0000045151826204189760712              
100041012504201840582905    01090004730                      0000071287126204189765356              
100041012504201840582906    01090004730                      0000039008026204189770392              
100041012504201840582907    01090004730                      0000195625126204189795181              
100041012504201840582908    01090004730                      0000028475826204189809857              
100041012504201840582909    01090004730                      0000041055926204189824157              
100041012504201840582910    01090004730                      0000114537226204189828516              
100041012504201840582911    01090004730                      0000062412826204189834488              
100041010204201894407288    01090004730                      0000319200026204022147                 
100041010204201894407358    01090004730                      0000319200026204022148                 
100041010204201894407359    01090004730                      0000319200026204022149                 
100041010204201894407360    01090004730                      0000319200026204022150                 
100041010204201894407361    01090004730                      0000570000026204022176                 
100041010304201894407813    01090004730                      0000570000026204022177                 
100041010304201894407814    01090004730                      0000570000026204022178                 
100041010304201894407815    01090004730                      0000319200026204022201                 
100041010304201894407816    01090004730                      0000319200026204022202                 
100041010304201894407984    01090004730                      0000570000026204022179                 
100041010304201894407985    01090004730                      0000273480026202021830                 
100041010304201894407986    01090004730                      0000319200026204022203                 
100041010304201894407987    01090004730                      0000319200026204022204                 
100041010304201894408497    01090004730                      0000570000026204022180                 
100041010204201894408520    01090004730                      0000192748026204                       
100041010404201894408521    01090004730                      0000570000026204022181                 
100041010404201894408522    01090004730                      0000319200026204022205                 
100041010404201894408523    01090004730                      0000319200026204022206                 
100041010404201894408674    01090004730                      0000570000026204022182                 
100041010404201894408675    01090004730                      0000570000026204022183                 
100041010404201894408676    01090004730                      0000570000026204022184                 
100041010404201894408677    01090004730                      0000319200026204022207                 
100041010504201894409343    01090004730                      0000562250026204022185                 
100041010504201894409344    01090004730                      0000314860026204022208                 
100041010504201894409426    01090004730                      0000314860026204022209                 
100041010504201894409427    01090004730                      0000314860026204022210                 
100041010504201894409428    01090004730                      0000314860026204022211                 
100041010504201894409429    01090004730                      0000562250026204022186                 
100041010504201894409430    01090004730                      0000562250026204022187                 
100041010504201894409431    01090004730                      0000562250026204022188                 
100041010604201894410047    01090004730                      0000314860026204022212                 
100041010604201894410048    01090004730                      0000562250026204022189                 
100041010604201894410049    01090004730                      0000562250026204022190                 
100041010604201894410050    01090004730                      0000314860026204022213                 
100041010604201894410051    01090004730                      0000314860026204022214                 
100041010604201894410506    01090004730                      0000562250026204022191                 
100041010904201894412337    01090004730                      0000314860026204022215                 
100041010904201894412338    01090004730                      0000314860026204022216                 
100041010904201894412339    01090004730                      0000314860026204022217                 
100041010904201894412340    01090004730                      0000314860026204022218                 
100041011004201894412341    01090004730                      0000314860026204022219                 
100041011004201894412342    01090004730                      0000314860026204022220                 
100041011004201894412343    01090004730                      0000314860026204022221                 
100041011104201894412995    01090004730                      0000314860026204022222                 
100041011104201894412996    01090004730                      0000314860026204022223                 
100041011104201894413379    01090004730                      0000314860026204022224                 
100041011104201894413380    01090004730                      0000314860026204022225                 
100041011204201894414132    01090004730                      0000314860026204022226                 
100041011204201894414133    01090004730                      0000314860026204022227                 
100041011204201894414134    01090004730                      0000314860026204022228                 
100041011204201894414135    01090004730                      0000314860026204022229                 
100041011304201894414985    01090004730                      0000314860026204022230                 
100041011304201894415427    01090004730                      0000314860026204022231                 
100041011304201894415428    01090004730                      0000314860026204022232                 
100041011404201894415774    01090004730                      0000314860026204022234                 
100041011404201894415775    01090004730                      0000314860026204022235                 
100041011404201894415776    01090004730                      0000314860026204022236                 
100041011404201894415777    01090004730                      0000314860026204022237                 
100041011304201894416192    01090004730                      0000314860026204022233                 
100041011604201894416818    01090004730                      0000314860026204022238                 
100041011604201894416819    01090004730                      0000314860026204022239                 
100041011704201894417579    01090004730                      0000314860026204022240                 
100041011704201894417580    01090004730                      0000314860026204022241                 
100041010904201894418167    01090004730                      0000008469026204                       
100041010904201894418168    01090004730                      0000013569526204                       
100041011704201894418499    01090004730                      0000314860026204022242                 
100041011704201894418500    01090004730                      0000314860026204022243                 
100041011804201894418501    01090004730                      0000314860026204022244                 
100041011804201894418502    01090004730                      0000314860026204022245                 
100041011804201894419055    01090004730                      0000314860026204022246                 
100041011804201894419056    01090004730                      0000314860026204022247                 
100041011804201894419468    01090004730                      0000281160826204022153                 
100041011904201894419469    01090004730                      0000314860026204022248                 
100041011904201894419470    01090004730                      0000314860026204022249                 
100041012004201894420470    01090004730                      0000314860026204022250                 
100041012204201894422237    01090004730                      0000415149026204                       
100041012304201894422238    01090004730                      0000314860026204023001                 
100041012304201894422278    01090004730                      0000314860026204023002                 
100041012304201894422279    01090004730                      0000314860026204023003                 
100041012304201894422280    01090004730                      0000314860026204023004                 
100041012404201894423150    01090004730                      0000314860026204023007                 
100041012404201894423151    01090004730                      0000314860026204023005                 
100041012404201894423955    01090004730                      0000314860026204023006                 
100041012504201894424181    01090004730                      0000314860026204023008                 
100041012504201894424182    01090004730                      0000314860026204023010                 
100041012504201894424183    01090004730                      0000314860026204023011                 
100041012504201894424356    01090004730                      0000314860026204023009                 
100041012504201894424357    01090004730                      0000328323626204                       
100041012604201894425440    01090004730                      0000314860026204023012                 
100041012604201894425441    01090004730                      0000314860026204023013                 
100041012604201894425442    01090004730                      0000314860026204023014                 
100041012604201894425443    01090004730                      0000314860026204023016                 
100041012604201894425444    01090004730                      0000273480026202021831                 
100041012604201894426087    01090004730                      0000322155626204                       
100041012704201894426370    01090004730                      0000314860026204023015                 
100041012704201894426371    01090004730                      0000314860026204023017                 
100041012804201894427763    01090004730                      0000320257826204                       
100041013004201894428571    01090004730                      0000314860026204023018                 
100041013004201894428572    01090004730                      0000314860026204023019                 
100041013004201894428573    01090004730                      0000314860026204023020                 
100041013004201894430290    01090004730                      0000284673626204                       
100041011804201894420060    01090004732                      0000248866826202575645                 
100041011804201894420061    01090004732                      0000251181826201575644                 
100041010104201894407139    01090004734                      00004977336262020936528                
100041010104201894407140    01090004734                      00002488668262020936529                
100041010304201894408678    01090004734                      00007466004262020934501                
100041010304201894408679    01090004734                      00007466004262020934502                
100041010404201894408680    01090004734                      00004977336262020936530                
100041010404201894408681    01090004734                      00003733002262020936531                
100041010404201894409615    01090004734                      00007466004262020934503                
100041010504201894409616    01090004734                      00004977336262020936533                
100041010504201894410133    01090004734                      00007466004262020934504                
100041010604201894410134    01090004734                      00004977336262020936534                
100041010604201894411042    01090004734                      0000251181826201232576                 
100041010604201894411043    01090004734                      0000124433426202232577                 
100041010904201894411991    01090004734                      0000497733626202bat l 367              
100041010904201894411992    01090004734                      0000497733626202bat l 367              
100041011004201894412566    01090004734                      0000497733626202bat l 367              
100041011004201894412567    01090004734                      00004977336262020936542                
100041011004201894412568    01090004734                      00002488668262020936544                
100041011004201894412997    01090004734                      00004977336262020936543                
100041011004201894412998    01090004734                      00003733002262020936532                
100041011104201894412999    01090004734                      00005023637262010936540                
100041011104201894413000    01090004734                      00004977336262020936545                
100041011104201894413381    01090004734                      00004977336262020936546                
100041011104201894413382    01090004734                      00004977336262020936541                
100041011204201894413658    01090004734                      00004977336262020936539                
100041011204201894413659    01090004734                      00004977336262020936538                
100041011204201894413660    01090004734                      00004977336262020936547                
100041011104201894414377    01090004734                      0000746600426202465787                 
100041011104201894414378    01090004734                      0000746600426202465788                 
100041011104201894414379    01090004734                      0000746600426202465789                 
100041011304201894414967    01090004734                      00002488668262020936548                
100041011304201894414968    01090004734                      00004977336262020936549                
100041011204201894415370    01090004734                      0000746600426202465790                 
100041011204201894415371    01090004734                      0000746600426202465791                 
100041011204201894415372    01090004734                      0000746600426202465792                 
100041011304201894415932    01090004734                      0000746600426202465793                 
100041011304201894415933    01090004734                      0000746600426202465794                 
100041011304201894415934    01090004734                      0000746600426202465795                 
100041011704201894418336    01090004734                      00004977336262020936550                
100041011704201894418337    01090004734                      00004977336262020967351                
100041011804201894419057    01090004734                      00004977336262020967352                
100041011804201894419058    01090004734                      00003733002262020967354                
100041011904201894420062    01090004734                      00004977336262020967356                
100041011904201894420063    01090004734                      00004977336262020967357                
100041011904201894420251    01090004734                      00002488668262020967355                
100041012004201894421693    01090004734                      0000373300226202194837                 
100041012004201894421694    01090004734                      0000373300226202194840                 
100041012104201894422093    01090004734                      00004977336262020967358                
100041012104201894422094    01090004734                      00004977336262020967353                
100041012404201894424753    01090004734                      00005023637262010967362                
100041012404201894424754    01090004734                      0000376772826201465820                 
100041013004201894429970    01090004734                      00002488668262020967361                
100041013004201894430154    01090004734                      0000009503226204                       
100041010204201894407362    01090004736                      0000455800026202BAT L 367              
100041010204201894407363    01090004736                      0000455800026202BAT L 367              
100041010204201894407364    01090004736                      0000455800026202BAT L 367              
100041010204201894407365    01090004736                      0000455800026202BAT L 367              
100041010204201894407366    01090004736                      0000455800026202BAT L 367              
100041010204201894408393    01090004736                      00002150000262020975291                
100041010304201894409021    01090004736                      00002150000262020975289                
100041010304201894409022    01090004736                      00002150000262020975290                
100041010404201894409287    01090004736                      0000455800026202BAT L 367              
100041010404201894409288    01090004736                      0000455800026202BAT L 367              
100041010404201894409289    01090004736                      0000455800026202BAT L 367              
100041010504201894409940    01090004736                      0000455800026202BAT L 367              
100041010504201894409941    01090004736                      0000455800026202BAT L 367              
100041010504201894409942    01090004736                      0000455800026202BAT L 367              
100041010504201894409943    01090004736                      0000455800026202BAT L 367              
100041010504201894409944    01090004736                      0000455800026202BAT L 367              
100041010504201894409945    01090004736                      0000230020026201BAT L 367              
100041010504201894409946    01090004736                      0000230020026201BAT L 367              
100041010904201894411708    01090004736                      0000455800026202BAT L 367              
100041010904201894411709    01090004736                      0000455800026202BAT L 367              
100041010904201894411710    01090004736                      0000455800026202BAT L 367              
100041010904201894411711    01090004736                      0000455800026202BAT L 367              
100041010904201894411712    01090004736                      0000455800026202BAT L 367              
100041011004201894412790    01090004736                      0000455800026202BAT L 367              
100041011004201894412791    01090004736                      0000455800026202BAT L 367              
100041011004201894412792    01090004736                      0000455800026202BAT L 367              
100041011004201894412793    01090004736                      0000455800026202BAT L 367              
100041011004201894412794    01090004736                      0000455800026202BAT L 367              
100041011104201894412871    01090004736                      0000455800026202BAT L 367              
100041011104201894412872    01090004736                      0000455800026202BAT L 367              
100041011104201894412873    01090004736                      0000455800026202BAT L 367              
100041011104201894413521    01090004736                      0000455800026202BAT L 367              
100041011104201894413522    01090004736                      0000455800026202BAT L 367              
100041011204201894414581    01090004736                      0000455800026202BAT L 367              
100041011204201894414582    01090004736                      0000455800026202BAT L 367              
100041011204201894414583    01090004736                      0000455800026202BAT L 367              
100041011604201894417175    01090004736                      0000455800026202BAT L 367              
100041011604201894417176    01090004736                      0000455800026202BAT L 367              
100041011604201894417177    01090004736                      0000455800026202BAT L 367              
100041011704201894418087    01090004736                      0000455800026202BAT L 367              
100041011704201894418088    01090004736                      0000455800026202BAT L 367              
100041011704201894418089    01090004736                      0000455800026202BAT L 367              
100041011704201894418090    01090004736                      0000455800026202BAT L 367              
100041011804201894419471    01090004736                      0000455800026202BAT L 367              
100041011804201894419472    01090004736                      0000455800026202BAT L 367              
100041011804201894419473    01090004736                      0000455800026202BAT L 367              
100041011804201894419474    01090004736                      0000455800026202BAT L 367              
100041011804201894419766    01090004736                      00002150000262020975292                
100041011804201894419767    01090004736                      00002150000262020975293                
100041011804201894419768    01090004736                      00002150000262020975294                
100041011804201894419769    01090004736                      00002170000262010975295                
100041011904201894419770    01090004736                      0000455800026202BAT L 367              
100041011904201894419771    01090004736                      0000455800026202BAT L 367              
100041011904201894419772    01090004736                      0000455800026202BAT L 367              
100041012304201894422566    01090004736                      0000455800026202BAT L 367              
100041012304201894422567    01090004736                      0000455800026202BAT L 367              
100041012304201894422568    01090004736                      0000455800026202BAT L 367              
100041012304201894422569    01090004736                      0000455800026202BAT L 367              
100041012304201894422570    01090004736                      0000455800026202BAT L 367              
100041012304201894422571    01090004736                      0000227900026202BAT L 367              
100041012304201894422572    01090004736                      0000227900026202BAT L 367              
100041012304201894422573    01090004736                      0000227900026202BAT L 367              
100041012304201894422574    01090004736                      0000227900026202BAT L 367              
100041012304201894423390    01090004736                      0000455800026202BAT L 367              
100041012304201894423391    01090004736                      0000455800026202BAT L 367              
100041012304201894423392    01090004736                      0000455800026202BAT L 367              
100041012304201894423393    01090004736                      0000455800026202BAT L 367              
100041012304201894423394    01090004736                      0000455800026202BAT L 367              
100041012304201894423395    01090004736                      0000227900026202BAT L 367              
100041012404201894423969    01090004736                      0000455800026202BAT L 367              
100041012404201894423970    01090004736                      0000455800026202BAT L 367              
100041012404201894423971    01090004736                      0000455800026202BAT L 367              
100041012404201894423972    01090004736                      0000455800026202BAT L 367              
100041012404201894424184    01090004736                      0000455800026202BAT L 367              
100041012404201894424185    01090004736                      0000227900026202BAT L 367              
100041012404201894424186    01090004736                      0000227900026202BAT L 367              
100041012404201894424187    01090004736                      0000227900026202BAT L 367              
100041012404201894424188    01090004736                      0000227900026202BAT L 367              
100041012404201894424189    01090004736                      0000227900026202BAT L 367              
100041012404201894424358    01090004736                      0000455800026202BAT L 367              
100041012404201894424359    01090004736                      0000455800026202BAT L 367              
100041012404201894424360    01090004736                      0000455800026202BAT L 367              
100041012404201894424361    01090004736                      0000455800026202BAT L 367              
100041012404201894424362    01090004736                      0000455800026202BAT L 367              
100041012404201894424363    01090004736                      0000455800026202BAT L 367              
100041012404201894424364    01090004736                      0000455800026202BAT L 367              
100041012404201894424365    01090004736                      0000455800026202BAT L 367              
100041012404201894424366    01090004736                      0000455800026202BAT L 367              
100041012504201894424879    01090004736                      0000455800026202BAT L 367              
100041012504201894424880    01090004736                      0000455800026202BAT L 367              
100041012504201894424881    01090004736                      0000455800026202BAT L 367              
100041012504201894424882    01090004736                      0000455800026202BAT L 367              
100041012504201894424883    01090004736                      0000455800026202BAT L 367              
100041012504201894424884    01090004736                      0000227900026202BAT L 367              
100041012504201894424885    01090004736                      0000227900026202BAT L 367              
100041012504201894424886    01090004736                      0000227900026202BAT L 367              
100041012504201894424887    01090004736                      0000227900026202BAT L 367              
100041012504201894424888    01090004736                      0000227900026202BAT L 367              
100041012604201894425796    01090004736                      0000455800026202BAT L 367              
100041012604201894425797    01090004736                      0000455800026202BAT L 367              
100041012604201894425798    01090004736                      0000455800026202BAT L 367              
100041012604201894425799    01090004736                      0000455800026202BAT L 367              
100041012604201894425800    01090004736                      0000227900026202BAT L 367              
100041012604201894425801    01090004736                      0000227900026202BAT L 367              
100041012604201894425802    01090004736                      0000227900026202BAT L 367              
100041012604201894425803    01090004736                      0000227900026202BAT L 367              
100041012604201894425804    01090004736                      0000227900026202BAT L 367              
100041012604201894425805    01090004736                      0000227900026202BAT L 367              
100041012604201894425806    01090004736                      0000227900026202BAT L 367              
100041012604201894425807    01090004736                      0000227900026202BAT L 367              
100041010504201841075674    01090009104                      0000014383526207                       
100041010504201841075674    02090009104                      0000000000026207                       
100041010704201841076249    01090009104                      0000031963226207                       
100041010704201841076249    02090009104                      0000000000026207                       
100041012104201841079757    01090009104                      0000016218026207                       
100041012104201841079757    02090009104                      0000000000026207                       
100041012504201841080626    01090009104                      0000011187126207                       
100041012504201841080626    03090009104                      0000016218026207                       
100041012504201841080626    03190009104                      0000000000026207                       
100041012504201841080626    04090009104                      0000000000026207                       
100041012604201841080870    01090009104                      0000015569326207                       
100041012604201841080870    03090009104                      0000076711826207                       
100041012604201841080870    03190009104                      0000000000026207                       
100041012604201841080870    04090009104                      0000000000026207                       
100041010204201841074520    01090009105                      0000012798026207                       
100041010204201841074520    02090009105                      0000000000026207                       
100041010204201841074521    01090009105                      0000006399026207                       
100041010204201841074521    02090009105                      0000000000026207                       
100041010404201841075374    01090009105                      0000007998826207                       
100041010404201841075374    02090009105                      0000000000026207                       
100041011104201841077164    01090009105                      0000009589026207                       
100041011104201841077164    02090009105                      0000000000026207                       
100041011404201841077832    01090009105                      0000009589026207                       
100041011404201841077832    02090009105                      0000000000026207                       
100041011604201841078133    01090009105                      0000007990826207                       
100041011604201841078133    02090009105                      0000000000026207                       
100041011604201841078134    01090009105                      0000012785326207                       
100041011604201841078134    02090009105                      0000000000026207                       
100041011604201841078135    01090009105                      0000007990826207                       
100041011604201841078135    02090009105                      0000000000026207                       
100041011604201841078136    01090009105                      0000023972426207                       
100041011604201841078136    02090009105                      0000000000026207                       
100041012104201841079758    01090009105                      0000038355926207                       
100041012104201841079758    02090009105                      0000000000026207                       
100041012404201841080224    01090009105                      0000007990826207                       
100041012404201841080224    02090009105                      0000000000026207                       
100041012404201841080225    01090009105                      0000025570626207                       
100041012404201841080225    02090009105                      0000000000026207                       
100041012404201841080226    01090009105                      0000007990826207                       
100041012404201841080226    02090009105                      0000000000026207                       
100041012804201841081405    01090009105                      0000012785326207                       
100041012804201841081405    02090009105                      0000000000026207                       
100041011104201841076967    01090009106                      0000020776126207                       
100041011104201841076967    03090009106                      0000006487226207                       
100041011104201841076967    03190009106                      0000000000026207                       
100041011104201841076967    04090009106                      0000000000026207                       
100041011104201841076968    01090009106                      0000055935726207                       
100041011104201841076968    03090009106                      0000014596226207                       
100041011104201841076968    03190009106                      0000000000026207                       
100041011104201841076968    04090009106                      0000000000026207                       
100041010404201894410818    01090009107                      0000089754026207                       
100041010404201841075348    01090009107                      0000015997526207                       
100041010404201841075348    02090009107                      0000000000026207                       
100041010404201841075430    01090009107                      0000015997526207                       
100041010604201841075932    01090009107                      0000019177926207                       
100041010604201841075932    02090009107                      0000000000026207                       
100041010704201841076125    01090009107                      0000006487226207                       
100041010704201841076125    02090009107                      0000000000026207                       
100041010704201841076126    01090009107                      0000007990826207                       
100041010704201841076126    02090009107                      0000000000026207                       
100041011404201841077714    01090009107                      0000012785326207                       
100041011404201841077714    02090009107                      0000000000026207                       
100041011404201841077715    01090009107                      0000015981626207                       
100041011404201841077715    02090009107                      0000000000026207                       
100041011804201841078801    01090009107                      0000017579826207                       
100041011804201841078801    02090009107                      0000000000026207                       
100041011804201841078802    01090009107                      0000019177926207                       
100041011804201841078802    02090009107                      0000000000026207                       
100041011804201841078803    01090009107                      0000019177926207003297                 
100041011804201841078803    02090009107                      0000000000026207003297                 
100041012304201841080065    01090009107                      0000007990826207                       
100041012304201841080065    02090009107                      0000000000026207                       
100041012404201841080227    01090009107                      0000111871326207                       
100041012404201841080227    02090009107                      0000000000026207                       
100041012404201841080228    01090009107                      0000003196326207                       
100041012404201841080228    02090009107                      0000000000026207                       
100041012404201841080229    01090009107                      0000038355926207                       
100041012404201841080229    02090009107                      0000000000026207                       
100041012504201841080627    01090009107                      0000007990826207                       
100041012504201841080627    03090009107                      0000012974426207                       
100041012504201841080627    03190009107                      0000000000026207                       
100041012504201841080627    04090009107                      0000000000026207                       
100041013004201841081942    01090009107                      0000015981626207                       
100041013004201841081942    02090009107                      0000000000026207                       
100041010504201841075502    01090009108                      0000006525326207                       
100041010504201841075502    02090009108                      0000000000026207                       
100041010504201841075503    01090009108                      0000022374326207                       
100041010504201841075503    02090009108                      0000000000026207                       
100041010504201841075504    01090009108                      0000007990826207                       
100041010504201841075504    02090009108                      0000000000026207                       
100041010604201841075813    01090009108                      0000031963226207                       
100041010604201841075813    02090009108                      0000000000026207                       
100041010604201841075814    01090009108                      0000031963226207                       
100041010604201841075814    02090009108                      0000000000026207                       
100041010704201841076250    01090009108                      0000007990826207                       
100041010704201841076250    02090009108                      0000000000026207                       
100041010904201841076565    01090009108                      0000017579826207                       
100041010904201841076565    02090009108                      0000000000026207                       
100041011104201841077165    01090009108                      0000028766926207                       
100041011104201841077165    02090009108                      0000000000026207                       
100041012604201841080871    01090009108                      0000031963226207                       
100041012604201841080871    02090009108                      0000000000026207                       
100041013004201841081943    01090009108                      0000007990826207                       
100041013004201841081943    02090009108                      0000000000026207                       
100041013004201841081944    01090009108                      0000007990826207                       
100041013004201841081944    02090009108                      0000000000026207                       
100041010304201841074762    01090009109                      0000017597326207                       
100041010304201841074762    02090009109                      0000000000026207                       
100041010304201841074763    01090009109                      0000014397826207                       
100041010304201841074763    02090009109                      0000000000026207                       
100041010304201841074764    01090009109                      0000009598526207                       
100041010304201841074764    02090009109                      0000000000026207                       
100041010304201841074765    01090009109                      0000006399026207                       
100041010304201841074765    02090009109                      0000000000026207                       
100041010304201841074766    01090009109                      0000001599826207                       
100041010304201841074766    02090009109                      0000000000026207                       
100041010304201841074767    01090009109                      0000001599826207                       
100041010304201841074767    02090009109                      0000000000026207                       
100041010304201841074768    01090009109                      0000019197026207B 024556               
100041010304201841074768    02090009109                      0000000000026207B 024556               
100041010304201841074769    01090009109                      0000009598526207                       
100041010304201841074769    02090009109                      0000000000026207                       
100041010304201841074770    01090009109                      0000031995026207                       
100041010304201841074770    02090009109                      0000000000026207                       
100041011004201841076875    01090009109                      0000009589026207                       
100041011004201841076875    02090009109                      0000000000026207                       
100041011104201841076969    01090009109                      0000004794526207                       
100041011104201841076969    02090009109                      0000000000026207                       
100041011104201841076970    01090009109                      0000004794526207062137                 
100041011104201841076970    02090009109                      0000000000026207062137                 
100041011404201841077841    01090009109                      0000015981626207186922                 
100041011404201841077841    02090009109                      0000000000026207186922                 
100041011604201841078324    01090009109                      0000023972426207                       
100041011604201841078324    02090009109                      0000000000026207                       
100041011804201841078977    01090009109                      0000009589026207                       
100041012304201841079874    01090009109                      0000030365126207931515                 
100041012304201841079874    02090009109                      0000000000026207931515                 
100041012304201841079875    01090009109                      0000009589026207                       
100041012304201841079875    02090009109                      0000000000026207                       
100041012304201841079876    01090009109                      0000007990826207                       
100041012304201841079876    02090009109                      0000000000026207                       
100041012304201841079877    01090009109                      0000004794526207                       
100041012304201841079877    02090009109                      0000000000026207                       
100041012304201841079878    01090009109                      0000001598226207                       
100041012304201841079878    02090009109                      0000000000026207                       
100041012404201841080230    01090009109                      0000014383526207                       
100041012404201841080230    02090009109                      0000000000026207                       
100041012404201841080231    01090009109                      0000031963226207                       
100041012404201841080231    02090009109                      0000000000026207                       
100041012404201841080232    01090009109                      0000020776126207KT 230253              
100041012404201841080232    02090009109                      0000000000026207KT 230253              
100041012404201841080233    01090009109                      0000015981626207                       
100041012404201841080233    02090009109                      0000000000026207                       
100041012404201841080234    01090009109                      0000019177926207B 024557               
100041012404201841080234    02090009109                      0000000000026207B 024557               
100041012804201841081178    01090009109                      0000004794526207                       
100041012804201841081178    02090009109                      0000000000026207                       
100041010204201841074522    01090009110                      0000015997526207                       
100041010204201841074522    02090009110                      0000000000026207                       
100041010204201841074523    01090009110                      0000007998826207                       
100041010204201841074523    02090009110                      0000000000026207                       
100041010204201841074524    01090009110                      0000006399026207                       
100041010204201841074524    02090009110                      0000000000026207                       
100041010704201841076034    01090009110                      0000022374326207                       
100041010704201841076034    02090009110                      0000000000026207                       
100041010704201841076035    01090009110                      0000025570626207                       
100041010704201841076035    02090009110                      0000000000026207                       
100041011004201841076862    01090009110                      0000015981626207                       
100041011004201841076862    02090009110                      0000000000026207                       
100041011104201841076971    01090009110                      0000047944926207                       
100041011104201841076971    02090009110                      0000000000026207                       
100041011104201841076972    01090009110                      0000019177926207                       
100041011104201841076972    02090009110                      0000000000026207                       
100041011104201841076973    01090009110                      0000006392626207                       
100041011104201841076973    02090009110                      0000000000026207                       
100041011704201841078609    01090009110                      0000027168826207                       
100041011704201841078610    01090009110                      0000020776126207                       
100041011704201841078611    01090009110                      0000023972426207                       
100041011804201841078738    01090009110                      0000011187126207                       
100041011804201841078738    02090009110                      0000000000026207                       
100041012804201841081109    01090009110                      0000007990826207                       
100041012804201841081109    02090009110                      0000000000026207                       
100041012804201841081110    01090009110                      0000025570626207                       
100041012804201841081110    02090009110                      0000000000026207                       
100041013004201841081691    01090009110                      0000007990826207                       
100041013004201841081691    02090009110                      0000000000026207                       
100041013004201841081692    01090009110                      0000038355926207                       
100041013004201841081692    02090009110                      0000000000026207                       
100041013004201841081693    01090009110                      0000025570626207                       
100041010404201894409432    01090009111                      0000033848726207                       
100041010604201894410507    01090009111                      0000033304126207                       
100041010204201841074685    01090009111                      0000014397826207                       
100041010204201841074685    02090009111                      0000000000026207                       
100041010504201841075505    01090009111                      0000012785326207                       
100041010504201841075505    02090009111                      0000000000026207                       
100041010504201841075506    01090009111                      0000046346726207                       
100041010504201841075506    02090009111                      0000000000026207                       
100041010904201841076418    01090009111                      0000015981626207                       
100041010904201841076418    02090009111                      0000000000026207                       
100041010904201841076419    01090009111                      0000015981626207                       
100041010904201841076419    02090009111                      0000000000026207                       
100041011204201841077275    01090009111                      0000007990826207                       
100041011204201841077275    02090009111                      0000000000026207                       
100041011204201841077276    01090009111                      0000007990826207                       
100041011204201841077276    02090009111                      0000000000026207                       
100041011204201841077277    01090009111                      0000031963226207                       
100041011204201841077277    02090009111                      0000000000026207                       
100041011904201841079131    01090009111                      0000043150426207                       
100041011904201841079131    02090009111                      0000000000026207                       
100041011904201841079132    01090009111                      0000015981626207                       
100041011904201841079132    02090009111                      0000000000026207                       
100041012004201841079295    01090009111                      0000012785326207                       
100041012004201841079295    02090009111                      0000000000026207                       
100041012004201841079296    01090009111                      0000051141226207                       
100041012004201841079296    02090009111                      0000000000026207                       
100041012704201841081064    01090009111                      0000014383526207                       
100041012804201841081111    01090009111                      0000014383526207                       
100041012804201841081111    02090009111                      0000000000026207                       
100041012804201841081112    01090009111                      0000003196326207                       
100041012804201841081112    02090009111                      0000000000026207                       
100041012804201841081113    01090009111                      0000017579826207                       
100041012804201841081113    02090009111                      0000000000026207                       
100041010304201841074771    01090009112                      0000022396526207                       
100041010304201841074771    02090009112                      0000000000026207                       
100041010304201841074772    01090009112                      0000039993826207                       
100041010304201841074772    02090009112                      0000000000026207                       
100041010704201841076036    01090009112                      0000011187126207                       
100041010704201841076036    02090009112                      0000000000026207                       
100041010704201841076037    01090009112                      0000038355926207                       
100041010704201841076037    02090009112                      0000000000026207                       
100041010704201841076038    01090009112                      0000025570626207                       
100041010704201841076038    02090009112                      0000000000026207                       
100041011204201841077450    01090009112                      0000020776126207                       
100041011204201841077450    02090009112                      0000000000026207                       
100041012704201841080885    01090009112                      0000012785326207                       
100041012704201841080885    02090009112                      0000000000026207                       
100041012704201841080886    01090009112                      0000014383526207                       
100041012704201841080886    02090009112                      0000000000026207                       
100041012704201841080887    01090009112                      0000006392626207                       
100041012704201841080887    02090009112                      0000000000026207                       
100041012704201841080888    01090009112                      0000027168826207                       
100041012704201841080888    02090009112                      0000000000026207                       
100041010204201841074458    01090009113                      0000015997526207                       
100041010204201841074458    02090009113                      0000000000026207                       
100041010404201841075375    01090009113                      0000038394026207                       
100041010404201841075375    02090009113                      0000000000026207                       
100041011004201841076863    01090009113                      0000015981626207                       
100041011004201841076863    02090009113                      0000000000026207                       
100041011204201841077211    01090009113                      0000015981626207                       
100041011204201841077211    02090009113                      0000000000026207                       
100041011704201841078375    01090009113                      0000047944926207                       
100041011704201841078375    03090009113                      0000019461626207                       
100041011704201841078375    03190009113                      0000000000026207                       
100041011704201841078375    04090009113                      0000000000026207                       
100041011704201841078376    01090009113                      0000038355926207                       
100041011704201841078376    02090009113                      0000000000026207                       
100041011804201841078739    01090009113                      0000015981626207                       
100041011804201841078739    02090009113                      0000000000026207                       
100041012504201841080628    01090009113                      0000015981626207                       
100041012504201841080628    02090009113                      0000000000026207                       
100041010104201841074407    01090009114                      0000023996326207                       
100041010104201841074407    02090009114                      0000000000026207                       
100041010104201841074408    01090009114                      0000012798026207                       
100041010104201841074408    02090009114                      0000000000026207                       
100041010304201841074977    01090009114                      0000023996326207                       
100041010304201841074977    02090009114                      0000000000026207                       
100041010404201841075191    01090009114                      0000015997526207                       
100041010404201841075191    02090009114                      0000000000026207                       
100041010404201841075192    01090009114                      0000036794326207                       
100041010404201841075192    02090009114                      0000000000026207                       
100041011004201841076864    01090009114                      0000031963226207                       
100041011004201841076864    02090009114                      0000000000026207                       
100041011104201841077166    01090009114                      0000047944926207                       
100041011104201841077166    02090009114                      0000000000026207                       
100041011604201841078317    01090009114                      0000012785326207                       
100041011604201841078317    02090009114                      0000000000026207                       
100041011704201841078474    01090009114                      0000015981626207                       
100041011704201841078474    02090009114                      0000000000026207                       
100041011704201841078475    01090009114                      0000014383526207                       
100041011704201841078475    02090009114                      0000000000026207                       
100041011704201841078476    01090009114                      0000020776126207                       
100041011704201841078476    02090009114                      0000000000026207                       
100041011804201841078971    01090009114                      0000031963226207                       
100041011804201841078971    02090009114                      0000000000026207                       
100041011904201841079278    01090009114                      0000022374326207                       
100041011904201841079278    02090009114                      0000000000026207                       
100041012604201841080872    01090009114                      0000019177926207                       
100041012604201841080872    02090009114                      0000000000026207                       
100041013004201841081945    01090009114                      0000012785326207                       
100041010304201841074978    01090009115                      0000019197026207                       
100041010304201841074978    02090009115                      0000000000026207                       
100041010704201841076127    01090009115                      0000009589026207                       
100041010704201841076127    02090009115                      0000000000026207                       
100041010704201841076128    01090009115                      0000001297426207                       
100041010704201841076128    03090009115                      0000003196426207                       
100041010704201841076128    03190009115                      0000000000026207                       
100041010704201841076128    04090009115                      0000000000026207                       
100041010704201841076129    01090009115                      0000019177926207                       
100041010704201841076129    02090009115                      0000000000026207                       
100041010704201841076130    01090009115                      0000011187126207                       
100041010704201841076130    02090009115                      0000000000026207                       
100041010704201841076131    01090009115                      0000030365126207                       
100041010704201841076131    03090009115                      0000000973126207                       
100041010704201841076131    03190009115                      0000000000026207                       
100041010704201841076131    04090009115                      0000000000026207                       
100041011104201841077167    01090009115                      0000004794526207                       
100041011104201841077167    02090009115                      0000000000026207                       
100041011404201841077842    01090009115                      0000033561426207                       
100041011704201841078627    03090009115                      0000046435426207                       
100041011704201841078627    05090009115                      0000038355926207                       
100041011704201841078627    05190009115                      0000000000026207                       
100041011704201841078627    06090009115                      0000000000026207                       
100041010304201841074775    01090009118                      0000023996326207249120                 
100041010304201841074775    02090009118                      0000000000026207249120                 
100041010304201841074776    01090009118                      0000001599826207727072                 
100041010304201841074776    02090009118                      0000000000026207727072                 
100041010304201841074777    01090009118                      0000001599826207727073                 
100041010304201841074777    02090009118                      0000000000026207727073                 
100041010304201841074778    01090009118                      0000011198326207738734                 
100041010304201841074778    02090009118                      0000000000026207738734                 
100041010304201841074779    01090009118                      0000009598526207738735                 
100041010304201841074779    02090009118                      0000000000026207738735                 
100041010704201841076074    01090009118                      0000003196326207738736                 
100041010704201841076075    01090009118                      0000044748526207231720                 
100041011204201841077453    01090009118                      0000044748526207231721                 
100041011704201841078424    01090009118                      0000095889726207231722                 
100041011704201841078424    02090009118                      0000000000026207231722                 
100041012404201841080110    01090009118                      0000006392626207209275                 
100041012404201841080110    02090009118                      0000000000026207209275                 
100041012404201841080111    01090009118                      0000001598226207727074                 
100041012404201841080111    02090009118                      0000000000026207727074                 
100041012404201841080112    01090009118                      0000012785326207209276                 
100041012404201841080112    02090009118                      0000000000026207209276                 
100041012404201841080113    01090009118                      0000012785326207738737                 
100041012404201841080113    02090009118                      0000000000026207738737                 
100041012404201841080114    01090009118                      0000012785326207738738                 
100041012404201841080114    02090009118                      0000000000026207738738                 
100041011904201841079279    01090009119                      0000012785326207931074                 
100041011904201841079279    02090009119                      0000000000026207931074                 
100041010204201894408353    01090017335                      0000373300226202A 204552               
100041010304201894409138    01090017335                      0000746600426202A 190245               
100041011104201894414533    01090017335                      0000502363726201A 204553               
100041011904201894420988    01090017335                      00003733002262020954211                
100041012304201894423966    01090017335                      0000373300226202A 196350               
100041010504201894410523    01090017760                      0000768269126204912037                 
100041011904201894420992    01090017760                      0000768269126204912038                 
100041012404201894424757    01090017760                      0000768269126204912039                 
100041012404201894424758    01090017760                      0000768269126204912040                 
100041012504201894425665    01090017760                      0000768269126204912041                 
100041012504201894425666    01090017760                      0000768269126204912042                 
100041010504201894410529    01090030788                      000046004002620155638                  
100041010704201894411392    01090030788                      000046004002620155639                  
100041010204201894411744    01090030788                      000039344022620155497                  
100041010404201894411745    01090030788                      000039344022620155499                  
100041010404201894411746    01090030788                      000019672012620155498                  
100041010604201894411747    01090030788                      000019672012620155498                  
100041010904201894411748    01090030788                      000019672012620155486                  
100041010904201894411749    01090030788                      000039344022620155505                  
100041010904201894412773    01090030788                      000023002002620155640                  
100041011004201894413506    01090030788                      000019672012620155486                  
100041011104201894413758    01090030788                      000014893002620255492                  
100041011204201894415542    01090030788                      000046004002620155641                  
100041011304201894416824    01090030788                      000039344022620155506                  
100041011404201894416825    01090030788                      000014893002620255504                  
100041011604201894417324    01090030788                      000014893002620255504                  
100041011604201894419600    01090030788                      000039344022620155487                  
100041011804201894419601    01090030788                      000019672012620155507                  
100041011904201894420997    01090030788                      000046004002620155642                  
100041012004201894421107    01090030788                      000019672012620155500                  
100041012004201894421108    01090030788                      000039344022620155508                  
100041012104201894421781    01090030788                      000019672012620155507                  
100041012104201894422131    01090030788                      000023002002620155643                  
100041012304201894422840    01090030788                      000039344022620155509                  
100041012304201894422841    01090030788                      000019672012620155500                  
100041012304201894423918    01090030788                      000023002002620155644                  
100041012504201894425753    01090030788                      000046004002620155645                  
100041012604201894426516    01090030788                      0000455800026202283877                 
100041012604201894426517    01090030788                      0000455800026202283878                 
100041012604201894426518    01090030788                      000045580002620255646                  
100041012704201894429928    01090030788                      000019672012620155501                  
100041012704201894429929    01090030788                      000039344022620155515                  
100041012804201894429930    01090030788                      000019672012620155490                  
100041013004201894430017    01090030788                      000046004002620155647                  
100041010404201841075364    01090038494                      0000019197026207ATM-116                
100041010404201841075364    02090038494                      0000000000026207ATM-116                
100041010504201841075665    01090038494                      0000006030826207176492                 
100041010504201841075665    02090038494                      0000000000026207176492                 
100041010704201841076257    01090038494                      0000023972426207741203                 
100041010904201841076573    01090038494                      0000022615526207                       
100041010904201841076573    02090038494                      0000000000026207                       
100041011004201841076852    01090038494                      0000023972426207741204                 
100041011004201841076852    02090038494                      0000000000026207741204                 
100041011104201841077158    01090038494                      0000019177926207ATM-117                
100041011104201841077158    02090038494                      0000000000026207ATM-117                
100041011204201841077447    01090038494                      0000023972426207741205                 
100041011204201841077447    02090038494                      0000000000026207741205                 
100041011704201841078617    01090038494                      0000012785326207193360                 
100041011704201841078617    02090038494                      0000000000026207193360                 
100041011804201841078893    01090038494                      0000023972426207741206                 
100041011804201841078893    02090038494                      0000000000026207741206                 
100041011804201841078894    01090038494                      0000023972426207741207                 
100041011804201841078894    02090038494                      0000000000026207741207                 
100041011904201841079266    01090038494                      0000015981626207ATM-118                
100041011904201841079266    02090038494                      0000000000026207ATM-118                
100041012004201841079437    01090038494                      0000023972426207741208                 
100041012004201841079437    02090038494                      0000000000026207741208                 
100041012004201841079438    01090038494                      0000022615526207466811                 
100041012004201841079438    02090038494                      0000000000026207466811                 
100041012304201841080056    01090038494                      0000023029526207B 004893               
100041012304201841080056    03090038494                      0000017579826207B 004893               
100041012304201841080056    03190038494                      0000000000026207B 004893               
100041012304201841080056    04090038494                      0000000000026207B 004893               
100041012404201841080378    01090038494                      0000022615526207006795                 
100041012404201841080378    02090038494                      0000000000026207006795                 
100041012804201841081317    01090038494                      0000014271826207ATM-119                
100041012804201841081317    02090038494                      0000000000026207ATM-119                
100041012804201841081318    01090038494                      0000014383526207ATM-121                
100041012804201841081318    02090038494                      0000000000026207ATM-121                
100041010404201894409599    01090046061                      0000251181826201A 067774               
100041010404201894409600    01090046061                      0000248866826202A 067775               
100041010604201894410038    01090046061                      0000373300226202297782                 
100041010604201894410039    01090046061                      0000376772826201297783                 
100041011104201894414506    01090046061                      0000373300226202387358                 
100041011604201894418139    01090046061                      0000376772826201461285                 
100041011604201894418140    01090046061                      0000373300226202461286                 
100041011704201894419088    01090046061                      000024886682620288929                  
100041012004201894420475    01090046061                      0000376772826201297784                 
100041012004201894421727    01090046061                      0000248866826202A 142061               
100041012304201894422174    01090046061                      0000373300226202297785                 
100041012304201894423897    01090046061                      0000248866826202540891                 
100041012504201894425698    01090046061                      0000373300226202387359                 
100041012604201894426806    01090046061                      0000248866826202A 067776               
100041012204201841079794    01090046226                      0000067122826207                       
100041012204201841079794    02090046226                      0000000000026207                       
