0000410106042018BPS202/02/2018 0420180000090000004488270131032018                                   
100041010602201894369897    01090004706                      000040108072620231864                  
100041010702201894370704    01090004706                      000026391462620131865                  
100041010102201894366838    01090004715                      0000401080726202269985                 
100041010502201894369117    01090004715                      0000668467826202139436                 
100041011202201894373830    01090004715                      0000399344426201BAT L 367              
100041012402201894383632    01090004715                      0000061219626204 BAT L 36              
100041012702201894383633    01090004715                      0000247709326201137473                 
100041011212201794329631    01090004726                      0001000155226204927423                 
100041010102201894366565    01090004726                      0001045297826204927473                 
